,range,frequency,expected_frequency,O-E,(O-E)^2/E
0,"(0, 6]",155,148.3429590407178,6.657040959282199,0.29874147462163514
1,"(6, 12]",70,74.99084738419755,-4.990847384197551,0.3321546359482849
2,"(12, 18]",34,37.909633377721754,-3.909633377721754,0.4032018193343605
3,"(18, 24]",23,19.164209406388398,3.835790593611602,0.7677483148944596
4,"(24, 30]",7,9.687957636323016,-2.6879576363230164,0.7457832213859112
5,"(30, 36]",7,4.897489960212103,2.102510039787897,0.9026151157678856
6,"(36, 42]",2,2.475796118311868,-0.4757961183118682,0.09143804068769634
7,"(42, 48]",1,1.251573044405516,-0.251573044405516,0.05056756132161772
8,"(48, 54]",1,0.6326995481964688,0.3673004518035312,0.21322857315078309
